
1 0 0
30 0 0.0243785
40 0 0.0186733
50 0 0.0232232
60 0 0.0208834
70 0 0.0192208
80 0 0.0185411
100 0 0.0183356
120 0 0.0163816
160 0 0.0205998
210 0 0.0157947
260 0 0.0144313
320 0 0.0121386
400 0 0.010499
500 0 0.0107394
670 0 0.00998639
1 1.2 0
30 1.2 0.0255691
40 1.2 0.0192435
50 1.2 0.0181941
60 1.2 0.018242
70 1.2 0.0200459
80 1.2 0.0182961
100 1.2 0.0171856
120 1.2 0.011955
160 1.2 0.0123628
210 1.2 0.00891652
260 1.2 0.0113886
320 1.2 0.00635711
400 1.2 0.0108899
500 1.2 0.00972348
670 1.2 0.00129795
