
20 0 0
30 0 0.024488
40 0 0.0186605
50 0 0.0246305
60 0 0.0199974
70 0 0.0195024
80 0 0.0193084
90 0 0.0201937
100 0 0.0203069
110 0 0.0171411
120 0 0.0183708
130 0 0.0146728
140 0 0.0144655
150 0 0.016035
160 0 0.0227645
170 0 0.018756
180 0 0.0134145
190 0 0.0200315
200 0 0.0143437
210 0 0.0139261
220 0 0.0112469
230 0 0.0132626
240 0 0.0147965
250 0 0.0286008
260 0 0.0162681
270 0 0.0114917
280 0 0.0237247
290 0 0.0132742
300 0 0.0140682
310 0 0.00968487
320 0 0.00985442
330 0 0.0329405
340 0 0.0083325
350 0 0.00993274
360 0 0.00660886
370 0 0.0167213
380 0 0.0175657
390 0 0.00735837
400 0 0.0131645
410 0 0.0144807
420 0 0.00443659
430 0 0.0089842
440 0 0.010825
450 0 0.0167968
460 0 0.0159866
470 0 0.0141027
480 0 0.00612503
490 0 0.00829619
500 0 0.00507099
510 0 0.0223218
520 0 0.0056912
530 0 0.0115695
540 0 0.0126885
550 0 0.00932358
560 0 0.00539489
570 0 0.0165379
580 0 0.0277487
590 0 0.00480071
600 0 0.00762877
610 0 0.00609582
620 0 0.00845707
630 0 0.00401422
640 0 0.0340713
650 0 0.00488486
660 0 0.00554197
670 0 0.0104871
680 0 0.00421433
690 0 0.0282862
700 0 0.0247017
710 0 0.00622008
720 0 0.0283351
730 0 0.0121159
740 0 0.00250417
750 0 0.00555067
760 0 0.00440922
770 0 0.0135478
780 0 0.00530005
790 0 0.00414662
800 0 0.00887848
20 0.8 0
30 0.8 0.022641
40 0.8 0.0191502
50 0.8 0.0189981
60 0.8 0.0193817
70 0.8 0.0164469
80 0.8 0.0175237
90 0.8 0.0141905
100 0.8 0.0181153
110 0.8 0.0160762
120 0.8 0.0135936
130 0.8 0.0125864
140 0.8 0.0183354
150 0.8 0.014042
160 0.8 0.0194762
170 0.8 0.0110687
180 0.8 0.0125901
190 0.8 0.0153921
200 0.8 0.0383829
210 0.8 0.0127093
220 0.8 0.013
230 0.8 0.0088509
240 0.8 0.0123207
250 0.8 0.0151096
260 0.8 0.0100528
270 0.8 0.00832313
280 0.8 0.0160259
290 0.8 0.0115059
300 0.8 0.00589745
310 0.8 0.00823459
320 0.8 0.00498738
330 0.8 0.00967106
340 0.8 0.00376789
350 0.8 0.00431535
360 0.8 0.00398609
370 0.8 0.00818939
380 0.8 0.00571383
390 0.8 0.00239312
400 0.8 0.0130109
410 0.8 0.0117591
420 0.8 0.0060569
430 0.8 0.012095
440 0.8 0.0127659
450 0.8 0.00274634
460 0.8 0.00140315
470 0.8 0.00567364
480 0.8 0.00582121
490 0.8 0.00493393
500 0.8 0.00916276
510 0.8 0.00810599
520 0.8 0.0185698
530 0.8 0.00332979
540 0.8 0.00493359
550 0.8 0.0056248
560 0.8 0.00208021
570 0.8 0.0102517
580 0.8 0.0163512
590 0.8 0.00158649
600 0.8 0.0056596
610 0.8 0.00893041
620 0.8 0.0407748
630 0.8 0.00293061
640 0.8 0.00100558
650 0.8 0
660 0.8 0.0029048
670 0.8 0.00521938
680 0.8 0
690 0.8 0
700 0.8 0.00148875
710 0.8 0.0133413
720 0.8 0.00567314
730 0.8 0.00285586
740 0.8 0.00468495
750 0.8 0.0401452
760 0.8 0
770 0.8 0
780 0.8 0.00677466
790 0.8 0
800 0.8 0.001612
20 1.6 0
30 1.6 0.0286394
40 1.6 0.018669
50 1.6 0.0184328
60 1.6 0.0215054
70 1.6 0.0264917
80 1.6 0.0231004
90 1.6 0.0176726
100 1.6 0.0135898
110 1.6 0.0188728
120 1.6 0.0130421
130 1.6 0.0137699
140 1.6 0.0131357
150 1.6 0.011726
160 1.6 0.0183824
170 1.6 0.0149491
180 1.6 0.0217624
190 1.6 0.00636284
200 1.6 0.0125878
210 1.6 0.00770482
220 1.6 0.0211369
230 1.6 0.00760665
240 1.6 0.00859351
250 1.6 0.00906207
260 1.6 0.0221377
270 1.6 0.0189716
280 1.6 0.00906658
290 1.6 0.00855519
300 1.6 0.0167296
310 1.6 0.00633448
320 1.6 0.00872021
330 1.6 0.0172866
340 1.6 0.00304059
350 1.6 0.00539092
360 1.6 0.00375845
370 1.6 0.00730762
380 1.6 0.00752014
390 1.6 0.00274851
400 1.6 0.0089315
410 1.6 0.00855155
420 1.6 0
430 1.6 0.00752814
440 1.6 0
450 1.6 0.00841002
460 1.6 0
470 1.6 0.047619
480 1.6 0
490 1.6 0.0717126
500 1.6 0.0142764
510 1.6 0
520 1.6 0
530 1.6 0.0476172
540 1.6 0
550 1.6 0
560 1.6 0
570 1.6 0.0714286
580 1.6 0
590 1.6 0
600 1.6 0
610 1.6 0
620 1.6 0
630 1.6 0
640 1.6 0
650 1.6 0
660 1.6 0
670 1.6 0
680 1.6 0
690 1.6 0
700 1.6 0
710 1.6 0
720 1.6 0
730 1.6 0
740 1.6 0
750 1.6 0
760 1.6 0
770 1.6 0
780 1.6 0
790 1.6 0
800 1.6 0
