
20 0. 1.10018 1.2076 0.992699
30 0. 1.11766 1.23325 1.00199
40 0. 1.13422 1.2575 1.01084
50 0. 1.14988 1.28039 1.01925
60 0. 1.16467 1.30195 1.02723
70 0. 1.17859 1.32221 1.0348
80 0. 1.19167 1.3412 1.04196
90 0. 1.20394 1.35895 1.04872
100 0. 1.2154 1.37549 1.0551
110 0. 1.22608 1.39084 1.06109
120 0. 1.236 1.40505 1.06671
130 0. 1.24519 1.41814 1.07197
140 0. 1.25365 1.43014 1.07688
150 0. 1.2614 1.44108 1.08144
160 0. 1.26848 1.451 1.08567
170 0. 1.27489 1.45991 1.08958
180 0. 1.28067 1.46786 1.09317
190 0. 1.28582 1.47487 1.09645
200 0. 1.29036 1.48097 1.09944
210 0. 1.29433 1.4862 1.10213
220 0. 1.29773 1.49058 1.10455
230 0. 1.30058 1.49414 1.1067
240 0. 1.30292 1.49692 1.10859
250 0. 1.30475 1.49894 1.11023
260 0. 1.30609 1.50023 1.11163
270 0. 1.30697 1.50083 1.11279
280 0. 1.30741 1.50077 1.11373
290 0. 1.30742 1.50007 1.11445
300 0. 1.30703 1.49877 1.11497
310 0. 1.30625 1.49689 1.1153
320 0. 1.3051 1.49447 1.11543
330 0. 1.30361 1.49154 1.11539
340 0. 1.30179 1.48813 1.11519
350 0. 1.29967 1.48426 1.11482
360 0. 1.29726 1.47997 1.1143
370 0. 1.29458 1.47529 1.11364
380 0. 1.29166 1.47024 1.11285
390 0. 1.28851 1.46487 1.11194
400 0. 1.28515 1.45919 1.11091
410 0. 1.2816 1.45324 1.10978
420 0. 1.27789 1.44706 1.10856
430 0. 1.27402 1.44066 1.10725
440 0. 1.27003 1.43408 1.10586
450 0. 1.26593 1.42736 1.10441
460 0. 1.26174 1.42051 1.1029
470 0. 1.25748 1.41358 1.10134
480 0. 1.25318 1.40658 1.09974
490 0. 1.24884 1.39956 1.09811
500 0. 1.24449 1.39254 1.09646
510 0. 1.24015 1.38556 1.0948
520 0. 1.23584 1.37863 1.09313
530 0. 1.23158 1.3718 1.09148
540 0. 1.22739 1.36509 1.08983
550 0. 1.22329 1.35854 1.08822
560 0. 1.2193 1.35217 1.08663
570 0. 1.21543 1.34601 1.08509
580 0. 1.21172 1.3401 1.0836
590 0. 1.20817 1.33446 1.08218
600 0. 1.20481 1.32913 1.08082
610 0. 1.20166 1.32413 1.07955
620 0. 1.19873 1.3195 1.07837
630 0. 1.19605 1.31527 1.07728
640 0. 1.19364 1.31146 1.0763
650 0. 1.19151 1.30811 1.07544
660 0. 1.18969 1.30524 1.0747
670 0. 1.18819 1.3029 1.0741
680 0. 1.18705 1.3011 1.07365
690 0. 1.18626 1.29987 1.07335
700 0. 1.18586 1.29926 1.07321
710 0. 1.18587 1.29929 1.07324
720 0. 1.1863 1.29998 1.07346
730 0. 1.18718 1.30137 1.07387
740 0. 1.18852 1.30349 1.07447
750 0. 1.19034 1.30638 1.07529
760 0. 1.19267 1.31005 1.07632
770 0. 1.19552 1.31454 1.07758
780 0. 1.19891 1.31988 1.07908
790 0. 1.20287 1.32611 1.08082
800 0. 1.20741 1.33324 1.08282
20 0.8 1.10148 1.20695 0.995965
30 0.8 1.11112 1.22051 1.00169
40 0.8 1.12021 1.23325 1.00711
50 0.8 1.12876 1.24521 1.01224
60 0.8 1.13678 1.2564 1.01708
70 0.8 1.14429 1.26683 1.02165
80 0.8 1.1513 1.27654 1.02594
90 0.8 1.15781 1.28554 1.02997
100 0.8 1.16385 1.29384 1.03374
110 0.8 1.16943 1.30147 1.03726
120 0.8 1.17456 1.30844 1.04054
130 0.8 1.17926 1.31478 1.04358
140 0.8 1.18352 1.32051 1.04639
150 0.8 1.18738 1.32563 1.04897
160 0.8 1.19084 1.33018 1.05134
170 0.8 1.19392 1.33417 1.0535
180 0.8 1.19662 1.33762 1.05546
190 0.8 1.19897 1.34054 1.05722
200 0.8 1.20097 1.34297 1.05879
210 0.8 1.20263 1.34491 1.06018
220 0.8 1.20398 1.34639 1.06139
230 0.8 1.20502 1.34743 1.06243
240 0.8 1.20577 1.34804 1.06332
250 0.8 1.20623 1.34824 1.06405
260 0.8 1.20643 1.34806 1.06462
270 0.8 1.20637 1.3475 1.06506
280 0.8 1.20607 1.3466 1.06537
290 0.8 1.20554 1.34537 1.06554
300 0.8 1.20479 1.34383 1.0656
310 0.8 1.20385 1.342 1.06554
320 0.8 1.20271 1.33989 1.06538
330 0.8 1.20139 1.33753 1.06511
340 0.8 1.19991 1.33494 1.06476
350 0.8 1.19828 1.33213 1.06431
360 0.8 1.19651 1.32912 1.06379
370 0.8 1.19462 1.32594 1.06319
380 0.8 1.19261 1.3226 1.06253
390 0.8 1.1905 1.31912 1.06181
400 0.8 1.18831 1.31552 1.06103
410 0.8 1.18605 1.31182 1.06022
420 0.8 1.18372 1.30803 1.05936
430 0.8 1.18135 1.30419 1.05847
440 0.8 1.17894 1.3003 1.05756
450 0.8 1.17651 1.29639 1.05663
460 0.8 1.17407 1.29247 1.05569
470 0.8 1.17164 1.28856 1.05474
480 0.8 1.16922 1.28469 1.0538
490 0.8 1.16684 1.28087 1.05287
500 0.8 1.1645 1.27712 1.05195
510 0.8 1.16221 1.27346 1.05106
520 0.8 1.15999 1.26991 1.0502
530 0.8 1.15786 1.26649 1.04937
540 0.8 1.15582 1.26321 1.04859
550 0.8 1.15389 1.2601 1.04786
560 0.8 1.15208 1.25718 1.04719
570 0.8 1.15041 1.25446 1.04658
580 0.8 1.14888 1.25197 1.04604
590 0.8 1.14751 1.24972 1.04559
600 0.8 1.14632 1.24773 1.04521
610 0.8 1.14531 1.24602 1.04493
620 0.8 1.1445 1.24461 1.04475
630 0.8 1.14391 1.24352 1.04467
640 0.8 1.14354 1.24277 1.04471
650 0.8 1.1434 1.24238 1.04487
660 0.8 1.14352 1.24236 1.04515
670 0.8 1.1439 1.24274 1.04556
680 0.8 1.14456 1.24353 1.04612
690 0.8 1.14551 1.24476 1.04682
700 0.8 1.14676 1.24644 1.04768
710 0.8 1.14833 1.24859 1.04869
720 0.8 1.15023 1.25123 1.04988
730 0.8 1.15247 1.25438 1.05124
740 0.8 1.15506 1.25807 1.05277
750 0.8 1.15802 1.2623 1.0545
760 0.8 1.16136 1.26709 1.05642
770 0.8 1.1651 1.27248 1.05855
780 0.8 1.16924 1.27847 1.06088
790 0.8 1.17381 1.28508 1.06343
800 0.8 1.1788 1.29234 1.0662
20 1.6 1.10423 1.19556 1.01285
30 1.6 1.10991 1.20393 1.01583
40 1.6 1.11513 1.21162 1.01858
50 1.6 1.11991 1.21865 1.0211
60 1.6 1.12424 1.22503 1.02339
70 1.6 1.12816 1.23078 1.02545
80 1.6 1.13165 1.23592 1.0273
90 1.6 1.13475 1.24047 1.02893
100 1.6 1.13745 1.24444 1.03036
110 1.6 1.13976 1.24785 1.03158
120 1.6 1.14171 1.25072 1.03259
130 1.6 1.14329 1.25306 1.03341
140 1.6 1.14452 1.25489 1.03403
150 1.6 1.14541 1.25624 1.03446
160 1.6 1.14597 1.25711 1.03471
170 1.6 1.14622 1.25753 1.03477
180 1.6 1.14615 1.25751 1.03466
190 1.6 1.14579 1.25706 1.03438
200 1.6 1.14514 1.25622 1.03392
210 1.6 1.14421 1.25498 1.0333
220 1.6 1.14302 1.25338 1.03252
230 1.6 1.14158 1.25143 1.03158
240 1.6 1.13989 1.24914 1.03049
250 1.6 1.13797 1.24653 1.02926
260 1.6 1.13582 1.24363 1.02787
270 1.6 1.13346 1.24044 1.02635
280 1.6 1.13091 1.23699 1.02469
290 1.6 1.12816 1.23328 1.02289
300 1.6 1.12523 1.22935 1.02097
310 1.6 1.12214 1.22521 1.01893
320 1.6 1.11888 1.22087 1.01677
330 1.6 1.11548 1.21635 1.01449
340 1.6 1.11194 1.21166 1.01209
350 1.6 1.10827 1.20684 1.00959
360 1.6 1.10449 1.20188 1.00699
370 1.6 1.10061 1.19682 1.00429
380 1.6 1.09663 1.19167 1.00149
390 1.6 1.09257 1.18644 0.998607
400 1.6 1.08843 1.18115 0.995632
410 1.6 1.08424 1.17582 0.992575
420 1.6 1.07999 1.17047 0.989439
430 1.6 1.0757 1.16512 0.986229
440 1.6 1.07138 1.15977 0.982948
450 1.6 1.06705 1.15446 0.979601
460 1.6 1.0627 1.14919 0.976192
470 1.6 1.05836 1.14398 0.972725
480 1.6 1.05403 1.13886 0.969204
490 1.6 1.04972 1.13383 0.965633
500 1.6 1.04545 1.12892 0.962017
510 1.6 1.04122 1.12414 0.958359
520 1.6 1.03705 1.11951 0.954663
530 1.6 1.03295 1.11505 0.950935
540 1.6 1.02892 1.11077 0.947177
550 1.6 1.02499 1.1067 0.943394
560 1.6 1.02115 1.10284 0.93959
570 1.6 1.01742 1.09922 0.93577
580 1.6 1.01381 1.09586 0.931936
590 1.6 1.01033 1.09276 0.928094
600 1.6 1.00699 1.08996 0.924248
610 1.6 1.0038 1.08746 0.920401
620 1.6 1.00078 1.08528 0.916558
630 1.6 0.997932 1.08345 0.912724
640 1.6 0.995268 1.08197 0.908901
650 1.6 0.992799 1.08087 0.905094
660 1.6 0.990535 1.08015 0.901307
670 1.6 0.988489 1.07985 0.897545
680 1.6 0.986669 1.07998 0.893811
690 1.6 0.985087 1.08055 0.89011
700 1.6 0.983754 1.08158 0.886446
710 1.6 0.982681 1.08309 0.882823
720 1.6 0.981877 1.0851 0.879244
730 1.6 0.981354 1.08762 0.875715
740 1.6 0.981123 1.09067 0.872239
750 1.6 0.981193 1.09426 0.86882
760 1.6 0.981577 1.09843 0.865463
770 1.6 0.982284 1.10318 0.862171
780 1.6 0.983325 1.10852 0.858949
790 1.6 0.984712 1.11449 0.855801
800 1.6 0.986454 1.12108 0.852731