
1 0. 1.21878 0.239754
30 0. 1.21878 0.119877
40 0. 1.28615 0.167195
50 0. 1.37535 0.228044
60 0. 1.38966 0.221952
70 0. 1.4032 0.224794
80 0. 1.49835 0.272199
100 0. 1.44308 0.226227
120 0. 1.58198 0.303173
160 0. 1.55687 0.260672
210 0. 1.6579 0.345277
260 0. 1.90233 0.558719
320 0. 1.92259 0.6934
400 0. 2.66174 1.28883
500 0. 3.08688 1.73953
670 0. 3.08688 3.47905
1 1.2 1.4697 1.558788
30 1.2 1.4697 0.779394
40 1.2 1.48732 0.875406
50 1.2 1.69024 1.20285
60 1.2 1.64494 1.25342
70 1.2 1.79297 1.49989
80 1.2 1.9076 1.7396
100 1.2 1.99867 2.0091
120 1.2 2.21659 2.5491
160 1.2 2.20103 3.28338
210 1.2 2.42645 4.36743
260 1.2 2.67594 5.32808
320 1.2 4.24735 7.49946
400 1.2 3.98979 9.27456
500 1.2 15.0457 21.8353
670 1.2 15.0457 43.6705