
0.0235763
0.0235763
0.0235763
0.0285914
0.0276519
0.0235459
0.020148
0.0215395
0.0183956
0.0228484
0.0192907
0.0142333
0.0199472
0.0242643
0.0156401
0.0186585
0.0121571
0.0254237
0.0199118
0.017
0.0223084
0.0242671
0.015536
0.0317052
0.0144643
0.00898742
0.0325843
0.0246012
0.0128339
0.0192184
0.01184
0.0133333
0.0201932
0.0392842
0.0215792
0.0181324
0.0141844
0.00527009
0.0129353
0.0288089
0.0171551
0.0312925
0.0222382
0
0.0396947
0.0125
0.00564972
0.0204082
0.0220459
0.0143979
0.0332031
0.00506329
0.0332481
0.0310078
0.0111789
0.0587372
0.01
0.015748
0.0289575
0
0.0125589
0.013544
0
0.0321888
0.030303
0.010101
0.0533981
0
0.00833333
0.00806452
0.0631229
0.0252101
0
0.0253165
0.0212766
0.00322581
0.048048
0.0598291
0.0412371
0
0.0784314
0
0
0
0.0198413
0
0
0.0179211
0.0470588
0.0754717
0.0392157
0.0276498
0
0.0300752
0.0184049
0
0
0.0366492
0
0
0
0
0
0.0487805
0
0.241758
0
0
0.0631579
0.137255
0
0.132353
0
0
0
0
0
0
0.179487
0
0.142857
0
0
0
0
0
0
0
0
0
0.125
0.0235763
0
0
0.0235763
0
0
0
0
0
0.0235763
0
0
0.0235763
0
0.26087
0.0235763
0
0
0
0
0
0.0235763
0
0
0.0235763
0
0
0.0235763
0
0
0.0235763
0
0
0.0235763
0
0
0.0235763
0
0
0.0235763
0
0
0.0235763
0
0
0.0235763
0
0.0769231
0.0235763
0
0.0235763
0.0235763
0
0
0.0235763
0
0
0.0235763
0.0235763
0
0.0235763
0
0
0
0.0235763
0.0235763
0.0235763
0
0.0235763
0.0235763
1
0
0.0235763
0
0.0235763
0.0235763
0.0235763
0
0.0235763
0
0
0.0235763
0
0.0235763
0.0235763
0
0
0.0235763
0
0.0235763
0.0235763
0.0235763
0
0.0235763
0
0.0235763
0.0235763
0
0.0235763
0.0235763
0.0235763
0.0235763
0.0235763
0
0
0.0235763
