
20 0. 1.11358 1.20192 1.02017
30 0. 1.10515 1.19408 1.01365
40 0. 1.09817 1.18737 1.00812
50 0. 1.09239 1.18164 1.00344
60 0. 1.0876 1.17675 0.999494
70 0. 1.08365 1.17259 0.996175
80 0. 1.0804 1.16907 0.993396
90 0. 1.07774 1.16609 0.991082
100 0. 1.07556 1.16358 0.989168
110 0. 1.0738 1.16149 0.987597
120 0. 1.07239 1.15974 0.986319
130 0. 1.07126 1.15829 0.985289
140 0. 1.07037 1.15709 0.98447
150 0. 1.06968 1.15611 0.983828
160 0. 1.06915 1.15532 0.98333
170 0. 1.06874 1.15467 0.982952
180 0. 1.06843 1.15414 0.982667
190 0. 1.06819 1.15371 0.982454
200 0. 1.06801 1.15335 0.982295
210 0. 1.06786 1.15304 0.98217
220 0. 1.06771 1.15277 0.982063
230 0. 1.06757 1.15251 0.981961
240 0. 1.06741 1.15225 0.981851
250 0. 1.06723 1.15197 0.981719
260 0. 1.067 1.15168 0.981555
270 0. 1.06673 1.15134 0.981349
280 0. 1.06639 1.15095 0.981091
290 0. 1.06599 1.1505 0.980774
300 0. 1.06551 1.14998 0.980389
310 0. 1.06495 1.14939 0.97993
320 0. 1.0643 1.14871 0.979389
330 0. 1.06355 1.14793 0.97876
340 0. 1.06271 1.14706 0.978038
350 0. 1.06176 1.14608 0.977218
360 0. 1.0607 1.14499 0.976294
370 0. 1.05953 1.14378 0.975262
380 0. 1.05824 1.14245 0.974118
390 0. 1.05683 1.14099 0.972858
400 0. 1.05529 1.1394 0.971478
410 0. 1.05363 1.13768 0.969975
420 0. 1.05183 1.13581 0.968345
430 0. 1.04991 1.13381 0.966585
440 0. 1.04785 1.13165 0.964694
450 0. 1.04565 1.12935 0.962667
460 0. 1.04331 1.12689 0.960503
470 0. 1.04082 1.12428 0.958199
480 0. 1.0382 1.12151 0.955753
490 0. 1.03543 1.11858 0.953162
500 0. 1.03251 1.11548 0.950426
510 0. 1.02944 1.11222 0.947542
520 0. 1.02622 1.1088 0.944508
530 0. 1.02285 1.1052 0.941322
540 0. 1.01933 1.10143 0.937984
550 0. 1.01565 1.09749 0.934491
560 0. 1.01181 1.09337 0.930843
570 0. 1.00782 1.08908 0.927037
580 0. 1.00368 1.08461 0.923073
590 0. 0.999372 1.07996 0.91895
600 0. 0.994906 1.07513 0.914666
610 0. 0.99028 1.07011 0.91022
620 0. 0.985493 1.06491 0.905611
630 0. 0.980544 1.05953 0.900838
640 0. 0.975433 1.05396 0.895901
650 0. 0.970158 1.04821 0.890798
660 0. 0.964718 1.04227 0.885528
670 0. 0.959114 1.03613 0.880091
20 0.5 1.11536 1.20791 0.984444
30 0.5 1.10782 1.19954 0.984685
40 0.5 1.101 1.19195 0.984885
50 0.5 1.09485 1.18507 0.985046
60 0.5 1.08932 1.17888 0.985168
70 0.5 1.08439 1.17332 0.985252
80 0.5 1.08 1.16835 0.985298
90 0.5 1.07612 1.16395 0.985306
100 0.5 1.07271 1.16006 0.985275
110 0.5 1.06975 1.15665 0.985207
120 0.5 1.06719 1.1537 0.9851
130 0.5 1.06501 1.15116 0.984955
140 0.5 1.06317 1.149 0.984773
150 0.5 1.06165 1.14719 0.984552
160 0.5 1.06043 1.14571 0.984294
170 0.5 1.05946 1.14452 0.983997
180 0.5 1.05873 1.1436 0.983662
190 0.5 1.05821 1.14291 0.98329
200 0.5 1.05788 1.14244 0.982879
210 0.5 1.05772 1.14217 0.982431
220 0.5 1.0577 1.14205 0.981944
230 0.5 1.0578 1.14208 0.981419
240 0.5 1.058 1.14223 0.980857
250 0.5 1.05829 1.14248 0.980256
260 0.5 1.05864 1.14281 0.979618
270 0.5 1.05903 1.1432 0.978941
280 0.5 1.05946 1.14363 0.978227
290 0.5 1.05989 1.14407 0.977474
300 0.5 1.06032 1.14452 0.976684
310 0.5 1.06072 1.14496 0.975855
320 0.5 1.06109 1.14536 0.974989
330 0.5 1.06141 1.14571 0.974084
340 0.5 1.06166 1.146 0.973142
350 0.5 1.06183 1.14622 0.972162
360 0.5 1.06191 1.14633 0.971143
370 0.5 1.06188 1.14634 0.970087
380 0.5 1.06174 1.14623 0.968992
390 0.5 1.06146 1.14598 0.96786
400 0.5 1.06105 1.14558 0.96669
410 0.5 1.06047 1.14501 0.965482
420 0.5 1.05974 1.14428 0.964235
430 0.5 1.05883 1.14335 0.962951
440 0.5 1.05774 1.14223 0.961629
450 0.5 1.05645 1.1409 0.960269
460 0.5 1.05496 1.13936 0.95887
470 0.5 1.05325 1.13757 0.957434
480 0.5 1.05132 1.13555 0.95596
490 0.5 1.04916 1.13328 0.954448
500 0.5 1.04676 1.13075 0.952898
510 0.5 1.04411 1.12794 0.95131
520 0.5 1.0412 1.12486 0.949684
530 0.5 1.03803 1.12149 0.94802
540 0.5 1.03459 1.11782 0.946318
550 0.5 1.03087 1.11384 0.944578
560 0.5 1.02686 1.10955 0.9428
570 0.5 1.02256 1.10494 0.940984
580 0.5 1.01796 1.1 0.93913
590 0.5 1.01305 1.09473 0.937238
600 0.5 1.00783 1.0891 0.935308
610 0.5 1.00229 1.08313 0.93334
620 0.5 0.996424 1.07679 0.931334
630 0.5 0.990228 1.07009 0.92929
640 0.5 0.983696 1.06302 0.927209
650 0.5 0.976822 1.05557 0.925089
660 0.5 0.9696 1.04774 0.922931
670 0.5 0.962025 1.03951 0.920735
20 1. 1.15362 1.25204 1.05522
30 1. 1.14563 1.24256 1.0487
40 1. 1.13828 1.23387 1.04269
50 1. 1.13153 1.22592 1.03715
60 1. 1.12537 1.21869 1.03206
70 1. 1.11978 1.21214 1.02742
80 1. 1.11471 1.20624 1.02321
90 1. 1.11015 1.20094 1.0194
100 1. 1.10607 1.19622 1.01597
110 1. 1.10246 1.19205 1.01292
120 1. 1.09927 1.18839 1.01022
130 1. 1.09649 1.18521 1.00785
140 1. 1.0941 1.18248 1.0058
150 1. 1.09207 1.18018 1.00404
160 1. 1.09038 1.17827 1.00257
170 1. 1.089 1.17672 1.00136
180 1. 1.08792 1.17551 1.0004
190 1. 1.0871 1.17461 0.999662
200 1. 1.08654 1.174 0.999137
210 1. 1.0862 1.17365 0.998806
220 1. 1.08606 1.17352 0.99865
230 1. 1.08611 1.17361 0.998652
240 1. 1.08632 1.17388 0.998795
250 1. 1.08667 1.1743 0.999062
260 1. 1.08714 1.17487 0.999434
270 1. 1.08772 1.17554 0.999896
280 1. 1.08838 1.17631 1.00043
290 1. 1.08909 1.17715 1.00102
300 1. 1.08985 1.17803 1.00164
310 1. 1.09063 1.17894 1.00229
320 1. 1.09142 1.17985 1.00293
330 1. 1.09219 1.18075 1.00357
340 1. 1.09292 1.18161 1.00417
350 1. 1.09361 1.18242 1.00473
360 1. 1.09422 1.18316 1.00522
370 1. 1.09474 1.1838 1.00562
380 1. 1.09516 1.18433 1.00593
390 1. 1.09546 1.18474 1.00612
400 1. 1.09561 1.18499 1.00618
410 1. 1.09561 1.18509 1.00609
420 1. 1.09544 1.185 1.00584
430 1. 1.09507 1.18471 1.0054
440 1. 1.09449 1.18421 1.00476
450 1. 1.09369 1.18348 1.0039
460 1. 1.09265 1.18251 1.00282
470 1. 1.09136 1.18127 1.00148
480 1. 1.08979 1.17976 0.999873
490 1. 1.08794 1.17795 0.997986
500 1. 1.08578 1.17584 0.995799
510 1. 1.08331 1.17341 0.993297
520 1. 1.0805 1.17064 0.990462
530 1. 1.07735 1.16752 0.987279
540 1. 1.07383 1.16405 0.98373
550 1. 1.06994 1.16019 0.9798
560 1. 1.06565 1.15595 0.975473
570 1. 1.06097 1.15131 0.970731
580 1. 1.05586 1.14625 0.965559
590 1. 1.05032 1.14076 0.95994
600 1. 1.04433 1.13484 0.953859
610 1. 1.03788 1.12846 0.947299
620 1. 1.03096 1.12162 0.940243
630 1. 1.02356 1.11431 0.932677
640 1. 1.01565 1.10651 0.924583
650 1. 1.00723 1.09821 0.915947
660 1. 0.998283 1.0894 0.906751
670 1. 0.988799 1.08008 0.896979
20 1.5 1.14279 1.23942 1.04631
30 1.5 1.14156 1.23752 1.04571
40 1.5 1.14041 1.23575 1.04515
50 1.5 1.13936 1.23412 1.04463
60 1.5 1.13839 1.23263 1.04416
70 1.5 1.1375 1.23127 1.04373
80 1.5 1.1367 1.23004 1.04334
90 1.5 1.13598 1.22894 1.04299
100 1.5 1.13534 1.22797 1.04267
110 1.5 1.13478 1.22711 1.0424
120 1.5 1.1343 1.22638 1.04216
130 1.5 1.13389 1.22576 1.04196
140 1.5 1.13355 1.22525 1.04179
150 1.5 1.13328 1.22485 1.04165
160 1.5 1.13307 1.22455 1.04155
170 1.5 1.13293 1.22436 1.04147
180 1.5 1.13285 1.22426 1.04142
190 1.5 1.13283 1.22424 1.04139
200 1.5 1.13286 1.22432 1.04139
210 1.5 1.13294 1.22447 1.04141
220 1.5 1.13306 1.2247 1.04144
230 1.5 1.13323 1.225 1.04149
240 1.5 1.13344 1.22536 1.04156
250 1.5 1.13368 1.22578 1.04163
260 1.5 1.13395 1.22625 1.04171
270 1.5 1.13424 1.22676 1.04179
280 1.5 1.13455 1.2273 1.04187
290 1.5 1.13487 1.22787 1.04195
300 1.5 1.1352 1.22846 1.04202
310 1.5 1.13552 1.22905 1.04207
320 1.5 1.13584 1.22964 1.0421
330 1.5 1.13614 1.23022 1.04211
340 1.5 1.13641 1.23078 1.04209
350 1.5 1.13665 1.2313 1.04203
360 1.5 1.13684 1.23177 1.04192
370 1.5 1.13697 1.23218 1.04176
380 1.5 1.13704 1.23251 1.04154
390 1.5 1.13702 1.23275 1.04125
400 1.5 1.1369 1.23287 1.04087
410 1.5 1.13668 1.23287 1.04039
420 1.5 1.13632 1.23271 1.03981
430 1.5 1.13582 1.23239 1.0391
440 1.5 1.13515 1.23186 1.03825
450 1.5 1.13428 1.23112 1.03724
460 1.5 1.1332 1.23013 1.03605
470 1.5 1.13188 1.22887 1.03465
480 1.5 1.13028 1.22729 1.03302
490 1.5 1.12837 1.22536 1.03112
500 1.5 1.12611 1.22306 1.02892
510 1.5 1.12347 1.22032 1.02639
520 1.5 1.12038 1.21711 1.02346
530 1.5 1.1168 1.21337 1.02009
540 1.5 1.11267 1.20905 1.0162
550 1.5 1.10791 1.20408 1.01174
560 1.5 1.10244 1.1984 1.0066
570 1.5 1.09618 1.19193 1.00067
580 1.5 1.08901 1.18457 0.993838
590 1.5 1.08083 1.17624 0.985934
600 1.5 1.07147 1.16683 0.976768
610 1.5 1.06078 1.15621 0.966103
620 1.5 1.04856 1.14425 0.953639
630 1.5 1.03457 1.13079 0.938994
640 1.5 1.01854 1.11565 0.921677
650 1.5 1.00013 1.09863 0.901038
660 1.5 0.978927 1.07949 0.87621
670 1.5 0.954422 1.05797 0.845995