
20 0. 0.0061025
30 0. 0.00864124
40 0. 0.0111448
50 0. 0.0136133
60 0. 0.0160466
70 0. 0.0184447
80 0. 0.0208078
90 0. 0.0231356
100 0. 0.0254284
110 0. 0.0276859
120 0. 0.0299084
130 0. 0.0320957
140 0. 0.0342478
150 0. 0.0363648
160 0. 0.0384467
170 0. 0.0404934
180 0. 0.042505
190 0. 0.0444814
200 0. 0.0464227
210 0. 0.0483288
220 0. 0.0501998
230 0. 0.0520356
240 0. 0.0538363
250 0. 0.0556019
260 0. 0.0573323
270 0. 0.0590276
280 0. 0.0606877
290 0. 0.0623127
300 0. 0.0639025
310 0. 0.0654572
320 0. 0.0669768
330 0. 0.0684612
340 0. 0.0699104
350 0. 0.0713245
360 0. 0.0727035
370 0. 0.0740473
380 0. 0.075356
390 0. 0.0766295
400 0. 0.0778679
410 0. 0.0790711
420 0. 0.0802392
430 0. 0.0813722
440 0. 0.08247
450 0. 0.0835327
460 0. 0.0845602
470 0. 0.0855526
480 0. 0.0865098
490 0. 0.0874319
500 0. 0.0883188
510 0. 0.0891706
520 0. 0.0899873
530 0. 0.0907688
540 0. 0.0915152
550 0. 0.0922264
560 0. 0.0929025
570 0. 0.0935434
580 0. 0.0941492
590 0. 0.0947198
600 0. 0.0952553
610 0. 0.0957557
620 0. 0.0962209
630 0. 0.0966509
640 0. 0.0970458
650 0. 0.0974056
660 0. 0.0977302
670 0. 0.0980197
20 0.8 0.00329006
30 0.8 0.00669879
40 0.8 0.0100695
50 0.8 0.0134023
60 0.8 0.016697
70 0.8 0.0199538
80 0.8 0.0231725
90 0.8 0.0263533
100 0.8 0.0294961
110 0.8 0.0326008
120 0.8 0.0356676
130 0.8 0.0386964
140 0.8 0.0416872
150 0.8 0.04464
160 0.8 0.0475548
170 0.8 0.0504317
180 0.8 0.0532705
190 0.8 0.0560713
200 0.8 0.0588342
210 0.8 0.061559
220 0.8 0.0642458
230 0.8 0.0668947
240 0.8 0.0695056
250 0.8 0.0720784
260 0.8 0.0746133
270 0.8 0.0771102
280 0.8 0.0795691
290 0.8 0.08199
300 0.8 0.0843729
310 0.8 0.0867178
320 0.8 0.0890247
330 0.8 0.0912937
340 0.8 0.0935246
350 0.8 0.0957175
360 0.8 0.0978725
370 0.8 0.0999894
380 0.8 0.102068
390 0.8 0.104109
400 0.8 0.106112
410 0.8 0.108077
420 0.8 0.110004
430 0.8 0.111893
440 0.8 0.113744
450 0.8 0.115557
460 0.8 0.117332
470 0.8 0.119069
480 0.8 0.120768
490 0.8 0.122429
500 0.8 0.124052
510 0.8 0.125637
520 0.8 0.127184
530 0.8 0.128694
540 0.8 0.130165
550 0.8 0.131598
560 0.8 0.132993
570 0.8 0.13435
580 0.8 0.135669
590 0.8 0.13695
600 0.8 0.138193
610 0.8 0.139398
620 0.8 0.140565
630 0.8 0.141694
640 0.8 0.142786
650 0.8 0.143839
660 0.8 0.144854
670 0.8 0.145831
20 1.6 0.00246152
30 1.6 0.00607095
40 1.6 0.00965316
50 1.6 0.0132081
60 1.6 0.0167359
70 1.6 0.0202364
80 1.6 0.0237097
90 1.6 0.0271557
100 1.6 0.0305745
110 1.6 0.0339661
120 1.6 0.0373305
130 1.6 0.0406676
140 1.6 0.0439775
150 1.6 0.0472602
160 1.6 0.0505156
170 1.6 0.0537438
180 1.6 0.0569448
190 1.6 0.0601186
200 1.6 0.0632651
210 1.6 0.0663844
220 1.6 0.0694764
230 1.6 0.0725412
240 1.6 0.0755788
250 1.6 0.0785892
260 1.6 0.0815723
270 1.6 0.0845282
280 1.6 0.0874569
290 1.6 0.0903584
300 1.6 0.0932326
310 1.6 0.0960796
320 1.6 0.0988993
330 1.6 0.101692
340 1.6 0.104457
350 1.6 0.107195
360 1.6 0.109906
370 1.6 0.11259
380 1.6 0.115246
390 1.6 0.117875
400 1.6 0.120477
410 1.6 0.123052
420 1.6 0.125599
430 1.6 0.128119
440 1.6 0.130612
450 1.6 0.133078
460 1.6 0.135517
470 1.6 0.137928
480 1.6 0.140312
490 1.6 0.142669
500 1.6 0.144998
510 1.6 0.147301
520 1.6 0.149576
530 1.6 0.151824
540 1.6 0.154045
550 1.6 0.156238
560 1.6 0.158404
570 1.6 0.160543
580 1.6 0.162655
590 1.6 0.16474
600 1.6 0.166797
610 1.6 0.168827
620 1.6 0.17083
630 1.6 0.172805
640 1.6 0.174754
650 1.6 0.176675
660 1.6 0.178569
670 1.6 0.180435