
20 0.2 1.27465 0.219921
30 0.2 1.26837 0.214409
40 0.2 1.26218 0.209189
50 0.2 1.25608 0.204253
60 0.2 1.25008 0.199593
70 0.2 1.24418 0.195202
80 0.2 1.23839 0.191071
90 0.2 1.23271 0.187191
100 0.2 1.22715 0.183556
110 0.2 1.22172 0.180157
120 0.2 1.21641 0.176987
130 0.2 1.21124 0.174036
140 0.2 1.20621 0.171297
150 0.2 1.20132 0.168762
160 0.2 1.19657 0.166422
170 0.2 1.19199 0.164271
180 0.2 1.18756 0.162299
190 0.2 1.18329 0.1605
200 0.2 1.1792 0.158864
210 0.2 1.17528 0.157383
220 0.2 1.17153 0.156051
230 0.2 1.16797 0.154858
240 0.2 1.16461 0.153796
250 0.2 1.16143 0.152858
260 0.2 1.15846 0.152036
270 0.2 1.15569 0.151321
280 0.2 1.15313 0.150705
290 0.2 1.15078 0.150181
300 0.2 1.14866 0.149741
310 0.2 1.14676 0.149375
320 0.2 1.14509 0.149077
330 0.2 1.14365 0.148838
340 0.2 1.14245 0.148651
350 0.2 1.14151 0.148506
360 0.2 1.14081 0.148397
370 0.2 1.14036 0.148315
380 0.2 1.14018 0.148252
390 0.2 1.14026 0.1482
400 0.2 1.14061 0.148151
410 0.2 1.14124 0.148097
420 0.2 1.14215 0.14803
430 0.2 1.14334 0.147941
440 0.2 1.14483 0.147824
450 0.2 1.14661 0.147669
460 0.2 1.1487 0.14747
470 0.2 1.15109 0.147217
480 0.2 1.15379 0.146902
490 0.2 1.1568 0.146519
20 1 1.26976 0.189514
30 1 1.25567 0.18437
40 1 1.24244 0.179547
50 1 1.23003 0.175036
60 1 1.21845 0.17083
70 1 1.20767 0.16692
80 1 1.19768 0.163296
90 1 1.18847 0.15995
100 1 1.18001 0.156874
110 1 1.17229 0.154059
120 1 1.1653 0.151496
130 1 1.15902 0.149177
140 1 1.15343 0.147092
150 1 1.14852 0.145234
160 1 1.14428 0.143594
170 1 1.14069 0.142162
180 1 1.13772 0.140931
190 1 1.13538 0.139891
200 1 1.13364 0.139034
210 1 1.13248 0.138352
220 1 1.13189 0.137835
230 1 1.13186 0.137476
240 1 1.13237 0.137264
250 1 1.1334 0.137192
260 1 1.13493 0.137252
270 1 1.13697 0.137434
280 1 1.13947 0.137729
290 1 1.14244 0.13813
300 1 1.14586 0.138627
310 1 1.1497 0.139211
320 1 1.15396 0.139875
330 1 1.15862 0.140609
340 1 1.16366 0.141405
350 1 1.16907 0.142254
360 1 1.17483 0.143148
370 1 1.18093 0.144078
380 1 1.18734 0.145034
390 1 1.19407 0.146009
400 1 1.20108 0.146994
410 1 1.20837 0.14798
420 1 1.21591 0.148959
430 1 1.2237 0.149922
440 1 1.23172 0.150859
450 1 1.23995 0.151764
460 1 1.24837 0.152626
470 1 1.25698 0.153437
480 1 1.26575 0.154189
490 1 1.27467 0.154873
20 1.8 1.18365 0.155187
30 1.8 1.16822 0.150325
40 1.8 1.15477 0.145968
50 1.8 1.1432 0.142093
60 1.8 1.13342 0.138682
70 1.8 1.12534 0.135712
80 1.8 1.11888 0.133165
90 1.8 1.11395 0.131018
100 1.8 1.11045 0.129252
110 1.8 1.1083 0.127846
120 1.8 1.10741 0.126779
130 1.8 1.10769 0.126031
140 1.8 1.10906 0.125581
150 1.8 1.11141 0.125408
160 1.8 1.11467 0.125493
170 1.8 1.11874 0.125814
180 1.8 1.12354 0.126351
190 1.8 1.12898 0.127082
200 1.8 1.13497 0.127989
210 1.8 1.14141 0.12905
220 1.8 1.14823 0.130244
230 1.8 1.15532 0.131551
240 1.8 1.16261 0.13295
250 1.8 1.17 0.134422
260 1.8 1.17741 0.135944
270 1.8 1.18474 0.137497
280 1.8 1.19191 0.13906
290 1.8 1.19883 0.140612
300 1.8 1.20541 0.142133
310 1.8 1.21156 0.143602
320 1.8 1.21719 0.145
330 1.8 1.22221 0.146304
340 1.8 1.22654 0.147494
350 1.8 1.23008 0.148551
360 1.8 1.23275 0.149453
370 1.8 1.23445 0.150179
380 1.8 1.2351 0.15071
390 1.8 1.23461 0.151025
400 1.8 1.23289 0.151102
410 1.8 1.22986 0.150922
420 1.8 1.22541 0.150463
430 1.8 1.21947 0.149706
440 1.8 1.21195 0.14863
450 1.8 1.20275 0.147214
460 1.8 1.19178 0.145437
470 1.8 1.17897 0.143279
480 1.8 1.16421 0.14072
490 1.8 1.14743 0.137738