
20 0. 1.07353 1.17425 0.972751
30 0. 1.07892 1.18474 0.973024
40 0. 1.084 1.19453 0.97337
50 0. 1.08878 1.20365 0.973778
60 0. 1.09324 1.21211 0.97424
70 0. 1.09741 1.21991 0.974748
80 0. 1.10127 1.22707 0.975291
90 0. 1.10483 1.2336 0.975863
100 0. 1.10809 1.23952 0.976453
110 0. 1.11106 1.24483 0.977052
120 0. 1.11373 1.24956 0.977653
130 0. 1.11611 1.2537 0.978246
140 0. 1.1182 1.25728 0.978821
150 0. 1.12 1.26031 0.979372
160 0. 1.12151 1.2628 0.979887
170 0. 1.12274 1.26476 0.98036
180 0. 1.12368 1.26621 0.98078
190 0. 1.12434 1.26715 0.981139
200 0. 1.12472 1.2676 0.981428
210 0. 1.12482 1.26758 0.981638
220 0. 1.12465 1.26709 0.98176
230 0. 1.1242 1.26614 0.981786
240 0. 1.12348 1.26476 0.981707
250 0. 1.12249 1.26295 0.981513
260 0. 1.12122 1.26072 0.981196
270 0. 1.1197 1.25809 0.980747
280 0. 1.1179 1.25507 0.980158
290 0. 1.11584 1.25168 0.979418
300 0. 1.11352 1.24791 0.978521
310 0. 1.11094 1.2438 0.977455
320 0. 1.1081 1.23934 0.976214
330 0. 1.10501 1.23456 0.974787
340 0. 1.10166 1.22946 0.973166
350 0. 1.09805 1.22406 0.971343
360 0. 1.0942 1.21836 0.969307
370 0. 1.09009 1.21239 0.967051
380 0. 1.08574 1.20616 0.964566
390 0. 1.08115 1.19967 0.961842
400 0. 1.07631 1.19294 0.958872
410 0. 1.07123 1.18598 0.955645
420 0. 1.0659 1.17881 0.952153
430 0. 1.06034 1.17144 0.948388
440 0. 1.05455 1.16387 0.94434
450 0. 1.04851 1.15613 0.94
460 0. 1.04225 1.14822 0.935361
470 0. 1.03576 1.14016 0.930412
480 0. 1.02903 1.13196 0.925145
490 0. 1.02208 1.12363 0.919551
500 0. 1.0149 1.11518 0.913621
510 0. 1.0075 1.10663 0.907347
520 0. 0.999876 1.098 0.900719
530 0. 0.992032 1.08928 0.893729
540 0. 0.983971 1.0805 0.886368
550 0. 0.975692 1.07166 0.878627
560 0. 0.967199 1.06279 0.870497
570 0. 0.958493 1.05388 0.861969
580 0. 0.949576 1.04497 0.853034
590 0. 0.94045 1.03604 0.843684
600 0. 0.931117 1.02713 0.83391
610 0. 0.921578 1.01824 0.823702
620 0. 0.911835 1.00939 0.813052
630 0. 0.90189 1.00058 0.801952
640 0. 0.891745 0.991827 0.790391
650 0. 0.881401 0.98315 0.778362
660 0. 0.870862 0.974558 0.765856
670 0. 0.860127 1.072 1.07466
20 0.8 1.11088 1.2082 1.01355
30 0.8 1.11086 1.21125 1.01048
40 0.8 1.11087 1.21408 1.00767
50 0.8 1.1109 1.2167 1.00511
60 0.8 1.11095 1.21911 1.00281
70 0.8 1.11102 1.22132 1.00073
80 0.8 1.11111 1.22334 0.998884
90 0.8 1.1112 1.22516 0.997249
100 0.8 1.1113 1.22679 0.995818
110 0.8 1.1114 1.22823 0.99458
120 0.8 1.11151 1.22949 0.993524
130 0.8 1.11161 1.23058 0.992641
140 0.8 1.1117 1.23149 0.991919
150 0.8 1.11178 1.23222 0.991348
160 0.8 1.11185 1.2328 0.990918
170 0.8 1.11191 1.23321 0.990618
180 0.8 1.11195 1.23346 0.990437
190 0.8 1.11196 1.23355 0.990366
200 0.8 1.11195 1.2335 0.990393
210 0.8 1.1119 1.2333 0.990508
220 0.8 1.11183 1.23296 0.990701
230 0.8 1.11172 1.23248 0.990961
240 0.8 1.11157 1.23186 0.991278
250 0.8 1.11138 1.23112 0.991641
260 0.8 1.11114 1.23024 0.992039
270 0.8 1.11085 1.22925 0.992462
280 0.8 1.11051 1.22813 0.992901
290 0.8 1.11012 1.2269 0.993343
300 0.8 1.10967 1.22556 0.993778
310 0.8 1.10915 1.22411 0.994197
320 0.8 1.10858 1.22256 0.994589
330 0.8 1.10793 1.22091 0.994943
340 0.8 1.10721 1.21917 0.995248
350 0.8 1.10641 1.21733 0.995494
360 0.8 1.10554 1.21541 0.995671
370 0.8 1.10459 1.2134 0.995768
380 0.8 1.10355 1.21132 0.995775
390 0.8 1.10242 1.20916 0.995681
400 0.8 1.1012 1.20693 0.995476
410 0.8 1.09989 1.20463 0.995148
420 0.8 1.09848 1.20226 0.994689
430 0.8 1.09697 1.19984 0.994086
440 0.8 1.09535 1.19736 0.99333
450 0.8 1.09362 1.19484 0.992411
460 0.8 1.09179 1.19226 0.991317
470 0.8 1.08984 1.18964 0.990038
480 0.8 1.08777 1.18698 0.988564
490 0.8 1.08559 1.18428 0.986883
500 0.8 1.08327 1.18156 0.984987
510 0.8 1.08083 1.1788 0.982864
520 0.8 1.07826 1.17602 0.980503
530 0.8 1.07556 1.17322 0.977895
540 0.8 1.07272 1.17041 0.975028
550 0.8 1.06974 1.16758 0.971892
560 0.8 1.06662 1.16475 0.968477
570 0.8 1.06334 1.16191 0.964773
580 0.8 1.05992 1.15907 0.960767
590 0.8 1.05635 1.15624 0.956451
600 0.8 1.05262 1.15341 0.951814
610 0.8 1.04872 1.1506 0.946845
620 0.8 1.04467 1.1478 0.941534
630 0.8 1.04045 1.14502 0.93587
640 0.8 1.03606 1.14226 0.929842
650 0.8 1.03149 1.13953 0.923441
660 0.8 1.02675 1.13684 0.916655
670 0.8 1.02183 1.24652 1.24654
20 1.6 1.07229 1.17207 0.972571
30 1.6 1.06692 1.16587 0.968012
40 1.6 1.06216 1.16034 0.964017
50 1.6 1.05798 1.15545 0.960562
60 1.6 1.05438 1.15117 0.957623
70 1.6 1.0513 1.14748 0.955175
80 1.6 1.04875 1.14434 0.953194
90 1.6 1.04668 1.14175 0.951657
100 1.6 1.04508 1.13966 0.950539
110 1.6 1.04392 1.13806 0.949816
120 1.6 1.04317 1.13691 0.949465
130 1.6 1.04282 1.13621 0.949461
140 1.6 1.04283 1.13591 0.949779
150 1.6 1.04318 1.13599 0.950397
160 1.6 1.04385 1.13643 0.95129
170 1.6 1.04481 1.13721 0.952433
180 1.6 1.04604 1.13829 0.953803
190 1.6 1.04751 1.13966 0.955376
200 1.6 1.0492 1.14128 0.957127
210 1.6 1.05108 1.14314 0.959033
220 1.6 1.05313 1.1452 0.961069
230 1.6 1.05532 1.14744 0.963212
240 1.6 1.05763 1.14984 0.965436
250 1.6 1.06004 1.15236 0.96772
260 1.6 1.06252 1.15499 0.970037
270 1.6 1.06504 1.15771 0.972364
280 1.6 1.06758 1.16047 0.974677
290 1.6 1.07011 1.16327 0.976952
300 1.6 1.07262 1.16607 0.979165
310 1.6 1.07507 1.16884 0.981292
320 1.6 1.07745 1.17157 0.983309
330 1.6 1.07972 1.17423 0.985191
340 1.6 1.08186 1.17679 0.986914
350 1.6 1.08385 1.17923 0.988455
360 1.6 1.08566 1.18152 0.98979
370 1.6 1.08727 1.18363 0.990893
380 1.6 1.08866 1.18555 0.991742
390 1.6 1.08979 1.18724 0.992312
400 1.6 1.09064 1.18868 0.99258
410 1.6 1.0912 1.18984 0.99252
420 1.6 1.09142 1.19071 0.992109
430 1.6 1.0913 1.19125 0.991323
440 1.6 1.0908 1.19143 0.990138
450 1.6 1.08991 1.19125 0.988529
460 1.6 1.08859 1.19065 0.986473
470 1.6 1.08681 1.18964 0.983946
480 1.6 1.08457 1.18817 0.980923
490 1.6 1.08182 1.18622 0.977381
500 1.6 1.07856 1.18377 0.973295
510 1.6 1.07474 1.18079 0.968641
520 1.6 1.07035 1.17725 0.963396
530 1.6 1.06537 1.17314 0.957534
540 1.6 1.05976 1.16842 0.951033
550 1.6 1.0535 1.16307 0.943867
560 1.6 1.04657 1.15707 0.936014
570 1.6 1.03895 1.15039 0.927448
580 1.6 1.03061 1.143 0.918146
590 1.6 1.02152 1.13488 0.908084
600 1.6 1.01165 1.126 0.897237
610 1.6 1.001 1.11634 0.885582
620 1.6 0.989522 1.10587 0.873094
630 1.6 0.977202 1.09457 0.85975
640 1.6 0.964011 1.08242 0.845525
650 1.6 0.949927 1.06937 0.830395
660 1.6 0.934924 1.05542 0.814337
670 1.6 0.918978 1.1621 1.16228