
1 0 0
30 0 0.00602303
40 0 0.00625597
50 0 0.00655176
60 0 0.00677848
70 0 0.0072151
80 0 0.00766187
100 0 0.00849917
120 0 0.00932671
160 0 0.0110956
210 0 0.0127032
260 0 0.0146441
320 0 0.0156221
400 0 0.0174568
500 0 0.0201042
670 0 0.0242526
1 1.2 0
30 1.2 0.00425287
40 1.2 0.00457593
50 1.2 0.0047943
60 1.2 0.00517109
70 1.2 0.00530862
80 1.2 0.0055088
100 1.2 0.00587093
120 1.2 0.00666029
160 1.2 0.00757034
210 1.2 0.00848276
260 1.2 0.00944669
320 1.2 0.0104741
400 1.2 0.0117639
500 1.2 0.0112121
670 1.2 0.00382318
