
20 0. 1.27838 1.46098 1.10497
30 0. 1.27386 1.45401 1.10081
40 0. 1.26936 1.4471 1.09691
50 0. 1.2649 1.44026 1.09324
60 0. 1.26046 1.43349 1.08979
70 0. 1.25604 1.42679 1.08653
80 0. 1.25165 1.42015 1.08345
90 0. 1.24728 1.41359 1.08052
100 0. 1.24293 1.40709 1.07772
110 0. 1.23861 1.40067 1.07504
120 0. 1.2343 1.39431 1.07246
130 0. 1.23002 1.38802 1.06996
140 0. 1.22576 1.38179 1.06754
150 0. 1.22152 1.37563 1.06517
160 0. 1.2173 1.36954 1.06285
170 0. 1.21309 1.36352 1.06056
180 0. 1.2089 1.35756 1.05829
190 0. 1.20473 1.35167 1.05602
200 0. 1.20057 1.34584 1.05375
210 0. 1.19643 1.34008 1.05147
220 0. 1.19229 1.33438 1.04916
230 0. 1.18817 1.32875 1.04682
240 0. 1.18405 1.32318 1.04444
250 0. 1.17994 1.31767 1.042
260 0. 1.17584 1.31223 1.0395
270 0. 1.17174 1.30684 1.03694
280 0. 1.16764 1.30152 1.0343
290 0. 1.16355 1.29625 1.03158
300 0. 1.15945 1.29105 1.02877
310 0. 1.15534 1.2859 1.02586
320 0. 1.15123 1.2808 1.02285
330 0. 1.1471 1.27577 1.01973
340 0. 1.14297 1.27078 1.0165
350 0. 1.13881 1.26585 1.01314
360 0. 1.13464 1.26096 1.00966
370 0. 1.13044 1.25613 1.00605
380 0. 1.12621 1.25134 1.0023
390 0. 1.12195 1.24659 0.998406
400 0. 1.11765 1.24188 0.99437
410 0. 1.1133 1.23721 0.990183
420 0. 1.10891 1.23257 0.985841
430 0. 1.10446 1.22796 0.98134
440 0. 1.09994 1.22337 0.976676
450 0. 1.09535 1.2188 0.971846
460 0. 1.09068 1.21424 0.966844
470 0. 1.08591 1.20967 0.961669
480 0. 1.08104 1.2051 0.956316
490 0. 1.07605 1.20052 0.950782
500 0. 1.07093 1.19589 0.945064
510 0. 1.06566 1.19122 0.939158
520 0. 1.06023 1.18648 0.933062
530 0. 1.05461 1.18163 0.926773
540 0. 1.04877 1.17667 0.920287
550 0. 1.0427 1.17153 0.913603
560 0. 1.03635 1.16617 0.906717
570 0. 1.0297 1.16053 0.899627
580 0. 1.0227 1.15451 0.89233
590 0. 1.0153 1.14799 0.884825
600 0. 1.00744 1.1408 0.877109
610 0. 0.999046 1.1327 0.869179
620 0. 0.990043 1.1233 0.861033
630 0. 0.980327 1.11204 0.85267
640 0. 0.969774 1.09794 0.844086
650 0. 0.958234 1.07926 0.835281
660 0. 0.945518 1.05253 0.826253
670 0. 0.931389 1.08798 1.16017
20 0.8 1.24019 1.39684 1.0838
30 0.8 1.23556 1.3896 1.08161
40 0.8 1.23106 1.38261 1.07945
50 0.8 1.22669 1.37588 1.07733
60 0.8 1.22244 1.3694 1.07523
70 0.8 1.21832 1.36316 1.07317
80 0.8 1.21433 1.35717 1.07114
90 0.8 1.21046 1.35141 1.06914
100 0.8 1.20672 1.34588 1.06717
110 0.8 1.2031 1.34058 1.06523
120 0.8 1.19959 1.33551 1.06333
130 0.8 1.1962 1.33065 1.06145
140 0.8 1.19293 1.326 1.0596
150 0.8 1.18978 1.32156 1.05778
160 0.8 1.18673 1.31732 1.05599
170 0.8 1.18379 1.31328 1.05423
180 0.8 1.18096 1.30942 1.0525
190 0.8 1.17823 1.30575 1.05079
200 0.8 1.17561 1.30225 1.04911
210 0.8 1.17308 1.29892 1.04746
220 0.8 1.17065 1.29576 1.04584
230 0.8 1.16831 1.29275 1.04424
240 0.8 1.16607 1.28988 1.04266
250 0.8 1.1639 1.28716 1.04111
260 0.8 1.16182 1.28457 1.03958
270 0.8 1.15982 1.2821 1.03807
280 0.8 1.15789 1.27974 1.03659
290 0.8 1.15603 1.27749 1.03512
300 0.8 1.15423 1.27533 1.03368
310 0.8 1.15249 1.27326 1.03225
320 0.8 1.1508 1.27126 1.03084
330 0.8 1.14916 1.26933 1.02944
340 0.8 1.14756 1.26744 1.02805
350 0.8 1.146 1.2656 1.02668
360 0.8 1.14446 1.26379 1.02531
370 0.8 1.14293 1.26199 1.02395
380 0.8 1.14142 1.26019 1.02259
390 0.8 1.13991 1.25838 1.02123
400 0.8 1.13838 1.25654 1.01987
410 0.8 1.13683 1.25466 1.0185
420 0.8 1.13525 1.25272 1.01712
430 0.8 1.13362 1.2507 1.01572
440 0.8 1.13193 1.24859 1.0143
450 0.8 1.13017 1.24636 1.01284
460 0.8 1.12831 1.24401 1.01135
470 0.8 1.12633 1.2415 1.00981
480 0.8 1.12422 1.23881 1.00821
490 0.8 1.12196 1.23593 1.00654
500 0.8 1.11952 1.23283 1.00478
510 0.8 1.11686 1.22948 1.00291
520 0.8 1.11397 1.22586 1.00091
530 0.8 1.1108 1.22194 0.998756
540 0.8 1.10732 1.21769 0.996405
550 0.8 1.10349 1.21307 0.993816
560 0.8 1.09925 1.20807 0.990932
570 0.8 1.09456 1.20263 0.987683
580 0.8 1.08935 1.19673 0.983971
590 0.8 1.08356 1.19032 0.97967
600 0.8 1.07709 1.18337 0.974603
610 0.8 1.06988 1.17583 0.968522
620 0.8 1.0618 1.16766 0.961065
630 0.8 1.05273 1.15879 0.951679
640 0.8 1.04255 1.14919 0.939482
650 0.8 1.03108 1.1388 0.922972
660 0.8 1.01814 1.12756 0.899361
670 0.8 1.00348 1.22731 1.28478
20 1.6 1.1056 1.25017 0.964203
30 1.6 1.10481 1.24482 0.967147
40 1.6 1.10417 1.23997 0.970012
50 1.6 1.10367 1.23558 0.972799
60 1.6 1.10332 1.23165 0.975506
70 1.6 1.1031 1.22817 0.978133
80 1.6 1.10301 1.22511 0.980682
90 1.6 1.10305 1.22246 0.98315
100 1.6 1.10322 1.22021 0.985539
110 1.6 1.1035 1.21834 0.987848
120 1.6 1.1039 1.21684 0.990076
130 1.6 1.10441 1.21569 0.992224
140 1.6 1.10503 1.21487 0.99429
150 1.6 1.10575 1.21437 0.996276
160 1.6 1.10656 1.21418 0.998181
170 1.6 1.10746 1.21427 1.
180 1.6 1.10845 1.21462 1.00174
190 1.6 1.10951 1.21524 1.0034
200 1.6 1.11065 1.21608 1.00498
210 1.6 1.11185 1.21715 1.00647
220 1.6 1.11311 1.21842 1.00788
230 1.6 1.11443 1.21987 1.0092
240 1.6 1.11579 1.22148 1.01044
250 1.6 1.11718 1.22325 1.0116
260 1.6 1.11861 1.22514 1.01266
270 1.6 1.12005 1.22714 1.01364
280 1.6 1.12151 1.22924 1.01454
290 1.6 1.12297 1.23141 1.01534
300 1.6 1.12443 1.23363 1.01606
310 1.6 1.12588 1.23589 1.01668
320 1.6 1.12729 1.23817 1.01722
330 1.6 1.12868 1.24044 1.01766
340 1.6 1.13001 1.24268 1.018
350 1.6 1.13129 1.24488 1.01825
360 1.6 1.1325 1.24702 1.01841
370 1.6 1.13363 1.24907 1.01846
380 1.6 1.13466 1.25101 1.01841
390 1.6 1.13557 1.25283 1.01825
400 1.6 1.13637 1.25449 1.01799
410 1.6 1.13703 1.25598 1.01762
420 1.6 1.13753 1.25728 1.01713
430 1.6 1.13785 1.25836 1.01652
440 1.6 1.13799 1.2592 1.01579
450 1.6 1.13792 1.25978 1.01493
460 1.6 1.13762 1.26008 1.01393
470 1.6 1.13707 1.26006 1.01279
480 1.6 1.13625 1.25971 1.01149
490 1.6 1.13514 1.25901 1.01002
500 1.6 1.13371 1.25792 1.00838
510 1.6 1.13193 1.25643 1.00654
520 1.6 1.12979 1.25451 1.00449
530 1.6 1.12724 1.25213 1.00219
540 1.6 1.12426 1.24926 0.999617
550 1.6 1.12083 1.24589 0.996732
560 1.6 1.11689 1.24198 0.993483
570 1.6 1.11242 1.23751 0.9898
580 1.6 1.10738 1.23246 0.985593
590 1.6 1.10173 1.22678 0.980737
600 1.6 1.09543 1.22046 0.975056
610 1.6 1.08842 1.21347 0.968294
620 1.6 1.08066 1.20578 0.960062
630 1.6 1.07209 1.19735 0.949743
640 1.6 1.06266 1.18817 0.936292
650 1.6 1.05231 1.17819 0.917788
660 1.6 1.04098 1.1674 0.890272
670 1.6 1.02858 1.28293 1.39759