
1 0. 1.14868 0.1980388
30 0. 1.14868 0.0990194
40 0. 1.21129 0.062065
50 0. 1.17566 0.0664275
60 0. 1.21275 0.0474979
70 0. 1.21488 0.0590923
80 0. 1.25174 0.0597187
100 0. 1.25167 0.0798476
120 0. 1.26069 0.0594905
160 0. 1.3743 0.0968848
210 0. 1.30289 0.0524148
260 0. 1.33446 0.101793
320 0. 1.47801 0.202002
400 0. 1.40297 0.204596
500 0. 1.42618 0.262182
670 0. 1.42618 0.524363
1 1.2 1.62363 1.5279    
30 1.2 1.62363 0.76395
40 1.2 1.66122 0.934448
50 1.2 1.70067 0.998236
60 1.2 1.81694 1.16255
70 1.2 1.89316 1.27632
80 1.2 1.84275 1.41555
100 1.2 2.02584 1.72727
120 1.2 2.04492 2.04629
160 1.2 2.29385 2.6437
210 1.2 2.33158 3.07749
260 1.2 2.58989 3.67286
320 1.2 3.33129 4.57763
400 1.2 2.98797 4.70584
500 1.2 5.80219 6.75
670 1.2 5.80219 13.5






