
0
0
0
0.0208809
0.0179731
0.0157902
0.0220578
0.0211678
0.0177985
0.0224517
0.0219468
0.0180235
0.0237269
0.0214121
0.0237651
0.0238516
0.0249101
0.0246261
0.0265095
0.0234982
0.0295134
0.027785
0.0281907
0.0274277
0.0310378
0.0313704
0.0321558
0.0274443
0.0335808
0.0353042
0.0310947
0.0348019
0.0381173
0.0304867
0.0385334
0.0433023
0.0337977
0.0409051
0.0460048
0.0350152
0.0420595
0.0452436
0.0391061
0.0451403
0.0524881
0.0444532
0.04689
0.0438596
0.0366249
0.053043
0.0498534
0.0399562
0.0453009
0.0619579
0.0494987
0.0548048
0.0639777
0.0321065
0.0617165
0.0547264
0.0562212
0.0707395
0.0680529
0.0547368
0.0469361
0.0808989
0.0625
0.0600858
0.101781
0.0566802
0.0618067
0.095092
0.0471698
0.062724
0.0977918
0.0441696
0.0778443
0.0841121
0.0397614
0.0784753
0.0641711
0.0597015
0.0631579
0.101124
0.0432432
0.101064
0.1
0.0597826
0.0533808
0.0875912
0.0789474
0.0766423
0.0947368
0.0878378
0.0932642
0.130952
0.0638298
0.116071
0.101449
0.0909091
0.103286
0.047619
0.0934579
0.0877193
0.0357143
0.0634921
0.0555556
0.145833
0.0710383
0.101449
0.117647
0.136691
0.127119
0.115385
0.0866142
0.121495
0.147059
0.0491803
0.0873786
0.208333
0.0695652
0.139535
0.16
0.0631579
0.0813953
0.04
0.0967742
0.148649
0.181818
0.129412
0.115385
0.0769231
0.115385
0.0892857
0.0909091
0.127273
0.146341
0.142857
0.0967742
0.104167
0.0714286
0.0952381
0.102041
0
0.142857
0.147059
0
0.125
0.130435
0.4
0.0789474
0.2
0
0.0909091
0.233333
0
0.0952381
0.142857
0.2
0.103448
0.105263
0.333333
0.12
0.1875
0
0.0769231
0.0833333
0
0.0434783
0.3
0
0.047619
0.117647
0
0
0.111111
0
0.0588235
0
0
0.1875
0.2
0
0.047619
0
0
0.1
0.4
0
0.142857
0
0
0.3
0.166667
0
0.0879121
0.075
0
