
20 0. 1.17466 1.28487 0.972751
30 0. 1.17552 1.29081 0.973024
40 0. 1.17625 1.29618 0.97337
50 0. 1.17684 1.30101 0.973778
60 0. 1.17732 1.30532 0.97424
70 0. 1.17768 1.30914 0.974748
80 0. 1.17794 1.3125 0.975291
90 0. 1.17811 1.31542 0.975863
100 0. 1.17819 1.31793 0.976453
110 0. 1.17819 1.32004 0.977052
120 0. 1.17812 1.32179 0.977653
130 0. 1.17798 1.32319 0.978246
140 0. 1.17777 1.32426 0.978821
150 0. 1.17751 1.32503 0.979372
160 0. 1.1772 1.3255 0.979887
170 0. 1.17684 1.3257 0.98036
180 0. 1.17643 1.32565 0.98078
190 0. 1.17598 1.32535 0.981139
200 0. 1.1755 1.32483 0.981428
210 0. 1.17499 1.32411 0.981638
220 0. 1.17444 1.32318 0.98176
230 0. 1.17386 1.32207 0.981786
240 0. 1.17325 1.32079 0.981707
250 0. 1.17262 1.31936 0.981513
260 0. 1.17196 1.31777 0.981196
270 0. 1.17128 1.31605 0.980747
280 0. 1.17057 1.3142 0.980158
290 0. 1.16983 1.31224 0.979418
300 0. 1.16907 1.31017 0.978521
310 0. 1.16829 1.308 0.977455
320 0. 1.16747 1.30574 0.976214
330 0. 1.16663 1.3034 0.974787
340 0. 1.16575 1.30099 0.973166
350 0. 1.16484 1.29851 0.971343
360 0. 1.1639 1.29598 0.969307
370 0. 1.16292 1.29339 0.967051
380 0. 1.16189 1.29075 0.964566
390 0. 1.16082 1.28808 0.961842
400 0. 1.1597 1.28537 0.958872
410 0. 1.15853 1.28264 0.955645
420 0. 1.15729 1.27988 0.952153
430 0. 1.156 1.27712 0.948388
440 0. 1.15464 1.27434 0.94434
450 0. 1.1532 1.27156 0.94
460 0. 1.15169 1.26879 0.935361
470 0. 1.15009 1.26602 0.930412
480 0. 1.1484 1.26327 0.925145
490 0. 1.14662 1.26054 0.919551
500 0. 1.14473 1.25784 0.913621
510 0. 1.14273 1.25517 0.907347
520 0. 1.14061 1.25254 0.900719
530 0. 1.13836 1.24996 0.893729
540 0. 1.13599 1.24743 0.886368
550 0. 1.13347 1.24496 0.878627
560 0. 1.1308 1.24256 0.870497
570 0. 1.12798 1.24024 0.861969
580 0. 1.12499 1.238 0.853034
590 0. 1.12182 1.23585 0.843684
600 0. 1.11847 1.2338 0.83391
610 0. 1.11492 1.23186 0.823702
620 0. 1.11117 1.23005 0.813052
630 0. 1.10721 1.22836 0.801952
640 0. 1.10302 1.22682 0.790391
650 0. 1.0986 1.22542 0.778362
660 0. 1.09393 1.22419 0.765856
670 0. 1.08901 1.22314 0.752863
20 0.8 1.21552 1.32202 1.10903
30 0.8 1.21032 1.31969 1.10095
40 0.8 1.2054 1.31739 1.09341
50 0.8 1.20076 1.31511 1.08641
60 0.8 1.19639 1.31286 1.07992
70 0.8 1.19229 1.31066 1.07393
80 0.8 1.18847 1.30851 1.06843
90 0.8 1.1849 1.30642 1.06339
100 0.8 1.1816 1.30439 1.05881
110 0.8 1.17855 1.30244 1.05467
120 0.8 1.17576 1.30057 1.05096
130 0.8 1.17322 1.29878 1.04766
140 0.8 1.17092 1.29709 1.04476
150 0.8 1.16887 1.2955 1.04225
160 0.8 1.16706 1.29401 1.04012
170 0.8 1.16548 1.29263 1.03835
180 0.8 1.16414 1.29136 1.03693
190 0.8 1.16303 1.29021 1.03586
200 0.8 1.16215 1.28919 1.03511
210 0.8 1.16149 1.2883 1.03468
220 0.8 1.16105 1.28754 1.03456
230 0.8 1.16082 1.28692 1.03473
240 0.8 1.16081 1.28644 1.03519
250 0.8 1.16101 1.2861 1.03593
260 0.8 1.16142 1.28591 1.03693
270 0.8 1.16203 1.28588 1.03818
280 0.8 1.16283 1.28599 1.03968
290 0.8 1.16384 1.28627 1.04141
300 0.8 1.16503 1.2867 1.04336
310 0.8 1.16641 1.2873 1.04552
320 0.8 1.16797 1.28807 1.04788
330 0.8 1.16971 1.289 1.05043
340 0.8 1.17163 1.2901 1.05315
350 0.8 1.17371 1.29138 1.05605
360 0.8 1.17596 1.29283 1.0591
370 0.8 1.17838 1.29446 1.06229
380 0.8 1.18094 1.29627 1.06561
390 0.8 1.18366 1.29826 1.06905
400 0.8 1.18652 1.30044 1.0726
410 0.8 1.18952 1.3028 1.07625
420 0.8 1.19266 1.30535 1.07997
430 0.8 1.19592 1.30808 1.08376
440 0.8 1.19931 1.31101 1.08761
450 0.8 1.20282 1.31413 1.0915
460 0.8 1.20643 1.31745 1.09541
470 0.8 1.21014 1.32096 1.09933
480 0.8 1.21396 1.32467 1.10324
490 0.8 1.21786 1.32859 1.10713
500 0.8 1.22185 1.3327 1.11099
510 0.8 1.2259 1.33702 1.11478
520 0.8 1.23003 1.34155 1.11851
530 0.8 1.23421 1.34628 1.12214
540 0.8 1.23845 1.35123 1.12566
550 0.8 1.24273 1.35639 1.12906
560 0.8 1.24704 1.36177 1.1323
570 0.8 1.25137 1.36736 1.13537
580 0.8 1.25572 1.37318 1.13824
590 0.8 1.26007 1.37922 1.14091
600 0.8 1.26441 1.38549 1.14333
610 0.8 1.26874 1.39199 1.14549
620 0.8 1.27304 1.39872 1.14736
630 0.8 1.27731 1.40568 1.14892
640 0.8 1.28152 1.41289 1.15014
650 0.8 1.28568 1.42034 1.151
660 0.8 1.28975 1.42804 1.15146
670 0.8 1.29375 1.43599 1.15149
20 1.6 1.1733 1.28248 1.06419
30 1.6 1.16244 1.27026 1.05468
40 1.6 1.15254 1.25908 1.04605
50 1.6 1.14356 1.24891 1.03826
60 1.6 1.13546 1.2397 1.03127
70 1.6 1.12821 1.23141 1.02504
80 1.6 1.12177 1.22402 1.01956
90 1.6 1.11611 1.21747 1.01478
100 1.6 1.11119 1.21175 1.01067
110 1.6 1.10699 1.20682 1.0072
120 1.6 1.10348 1.20264 1.00435
130 1.6 1.10062 1.19918 1.00209
140 1.6 1.09838 1.19642 1.00038
150 1.6 1.09675 1.19432 0.999198
160 1.6 1.09568 1.19286 0.998522
170 1.6 1.09515 1.192 0.998324
180 1.6 1.09514 1.19173 0.998578
190 1.6 1.09562 1.19201 0.999258
200 1.6 1.09657 1.19281 1.00034
210 1.6 1.09795 1.19411 1.0018
220 1.6 1.09975 1.19589 1.00361
230 1.6 1.10194 1.19812 1.00576
240 1.6 1.10449 1.20078 1.00821
250 1.6 1.10738 1.20383 1.01094
260 1.6 1.1106 1.20726 1.01393
270 1.6 1.1141 1.21104 1.01716
280 1.6 1.11787 1.21515 1.0206
290 1.6 1.12189 1.21956 1.02422
300 1.6 1.12613 1.22424 1.02802
310 1.6 1.13057 1.22918 1.03195
320 1.6 1.13518 1.23435 1.03599
330 1.6 1.13993 1.23971 1.04013
340 1.6 1.14481 1.24526 1.04434
350 1.6 1.14978 1.25096 1.04858
360 1.6 1.15482 1.25678 1.05284
370 1.6 1.15991 1.2627 1.05709
380 1.6 1.16501 1.26869 1.0613
390 1.6 1.1701 1.27473 1.06544
400 1.6 1.17514 1.28077 1.06948
410 1.6 1.18012 1.28681 1.07341
420 1.6 1.185 1.2928 1.07717
430 1.6 1.18975 1.29871 1.08075
440 1.6 1.19434 1.30452 1.08411
450 1.6 1.19873 1.31018 1.08723
460 1.6 1.20289 1.31568 1.09005
470 1.6 1.20679 1.32096 1.09256
480 1.6 1.21038 1.326 1.09471
490 1.6 1.21364 1.33076 1.09647
500 1.6 1.21652 1.33519 1.0978
510 1.6 1.21899 1.33927 1.09865
520 1.6 1.221 1.34295 1.09899
530 1.6 1.22252 1.34619 1.09878
540 1.6 1.22348 1.34894 1.09796
550 1.6 1.22386 1.35115 1.0965
560 1.6 1.2236 1.35279 1.09434
570 1.6 1.22266 1.3538 1.09144
580 1.6 1.22098 1.35414 1.08775
590 1.6 1.21852 1.35374 1.08321
600 1.6 1.21521 1.35256 1.07777
610 1.6 1.211 1.35054 1.07137
620 1.6 1.20584 1.34763 1.06396
630 1.6 1.19966 1.34376 1.05547
640 1.6 1.19241 1.33887 1.04585
650 1.6 1.18401 1.33289 1.03502
660 1.6 1.17441 1.32577 1.02293
670 1.6 1.16353 1.31744 1.0095